New Iteration
Gen: 1
16.462944562072
5.6184681810426
4.196668456637
49.373159854204
6.3905814174637
4.6074879809833
17.657951182907
79.690696387364
15.784503685887
31.265080835508
12.143630594582
24.611576309184
51.482399119297
9.8281147822235
23.023886128588
8.5139876333363
6.0919804158253
20.954863198113
34.577597843002
9.4182065379784
35.812683812363
58.183286853368
2.8745670736827
8.2153105285351
15.80830363396
6.7650449875868
11.178758040164
5.9821045259375
6.1864243729799
4.2360590553325
44.251346701425
24.438284643465
5.5278767386367
6.7605571084339
9.7963617645211
6.631169066426
31.994787841064
6.4392267751036
3.3141279324411
6.0855518462574
2.9569847346999
4.3141288861163
6.4158567288063
4.7360595321701
6.7562730493966
5.7232130604326
7.7426730075527
21.147743075151
9.578814246168
3.1355563335705
6.1314770119421
24.760532580143
7.4317142768598
3.964408161059
10.170316043129
4.5996957657598
5.8350210145323
45.852433477629
15.511717802289
4.4399054035817
20.956030139615
3.9708790200127
7.9978991293858
46.463486879451
22.050353694191
5.5998361653083
28.842851840569
6.5106559389259
47.387206155285
9.3213090637509
4.7239194867133
6.7433881313735
4.6899056420005
5.3315375236425
5.8602763390326
8.1634251095208
42.641191515552
3.9041878092065
25.810077114394
42.833272996814
5.7263473353459
40.381355046874
4.5855577163996
2.8855560951517
15.641913420585
5.829823451719
5.7714458519365
4.3971703200913
12.697918390305
4.4487725939443
4.1108316715189
4.0388523218368
39.970215074665
3.1355563335705
54.280756122783
6.6773246205315
33.724072986594
7.4552197568592
22.133168697501
24.435968474295
Gen: 2
25.571214520193
7.3856616013616
42.95873659425
21.346541049866
73.998839713633
30.463621111789
9.9783749286816
3.0394023957171
9.4182649280958
5.3142344797608
17.72669500396
8.0106540949918
6.6964167757717
26.742891971537
15.982256303248
38.845134846849
34.369406000289
25.561687239147
25.321640180615
7.2227255382653
24.549603320742
4.5996957657598
11.072112174566
4.1735587861799
22.050353694191
15.443397951565
6.8630856213187
66.169840367821
11.052287896277
53.761948165862
14.156502172176
36.446369690889
37.305848772918
11.906730846609
20.954863198113
16.053683921015
17.167099182359
35.812683812363
20.954863198113
13.290838360674
18.875193056834
12.143630594582
16.159918304878
19.679618508737
64.62593750257
6.8081586720463
67.662129421841
5.9069661868728
39.203270165004
6.2239133804678
20.608298717468
5.5667662119918
19.832589472216
6.7650449875868
3.9772242811187
14.775275503981
5.5895570279551
24.614855712561
32.450531862729
2.6485454150717
70.63318491517
6.393071911803
16.250847430467
6.7650449875868
11.562079409805
28.07040542115
5.5278767386367
19.370788329775
46.525842934173
4.592822680593
27.958157586937
50.693952317806
5.8602763390326
25.159330276996
17.610080925452
18.976748889226
